5
5
2021
105000
1

5
5
2021
35000
13
N

5
5
2021
1200
7
PATENTE
0
4
S

5
5
2021
3200
8
N

6
6
2021
160000
1

8
6
2021
40000
2

9
6
2021
35000
13
S

11
6
2021
2300
7
EDENOR
180
1
S

7
7
2021
105000
1

7
7
2021
35000
13
S

7
7
2021
936
7
TELEFONO
500
2
S

7
7
2021
1700
8
N

8
8
2021
105000
1
	
8
8
2021
40000
2

8
8
2021
60000
10
N

8
8
2021
6300
6
S

9
9
2021
105000
1

9
9
2021
40000
2
	
9
9
2021
20250
4
S

9
9
2021
6780
9
N

10
10
2021
105000
1
	
10
10
2021
19000
3
	
10
10
2021
35000
13
N

10
10
2021
2542
7
INTERNET
0
4
S

11
11
2021
105000
1
	
11
11
2021
8350
5
N

11
11
2021
28000
10
N

11
11
2021
2542
7
GAS NATURAL
220
3
S

12
12
2021
160000
1
	
12
12
2021
35000
13
N

12
12
2021
10000
12
N

12
12
2021
1932
7
PATENTE
0
4
S

1
1
2022
105000
1
	
1
1
2022
40000
2
	
1
1
2022
35000
13
N

1
1
2022
10000
12
N

2
2
2022
105000
1
	
2
2
2022
35000
13
N

2
2
2022
5233
7
TELEFONO
225
2
S

2
2
2022
3548
7
EDENOR
250
1
S

3
3
2022
150000
1
	
3
3
2022
40000
2
	
3
3
2022
35000
13
N

3
3
2022
4255
7
PATENTE
0
4
S

4
4
2022
145000
1
	
8
4
2022
35000
9
N

12
4
2022
28000
11
N

18
4
2022
5300
7
INTERNET
0
4
S

5
5
2022
145000
1

9
5
2022
5000
3
	
13
5
2022
15000
9
N

19
5
2022
8435
7
ARBA
0
4
S

6
6
2022
145000
1

10
6
2022
8511
4
N

14
6
2022
12020
7
TELEFONO
350
2
S

20
6
2022
15300
12
N

